lector_archivos/matrices/zona_oeste_sierra_header.txt
NCOLS 450 
NROWS 450
XLLCENTER 344200
YLLCENTER 4519600
CELLSIZE 200
NODATA_VALUE -999
[rows 112 to 139 of 450, columns 320 to 383 of 450]
1154.115 1163.679 1174.463 1180.491 1188.201 1194.42 1195.347 1197.358 1206.041 1210.028 1223.714 1228.987 1239.894 1249.637 1261.257 1280.404 1293.781 1310.092 1329.822 1343.041 1365.875 1385.378 1445.693 1502.475 1562.345 1638.377 1731.154 1760.653 1682.962 1603.861 1565.594 1628.624 1650.416 1613.291 1623.747 1736.09 1835.328 1924.398 1966.496 1981.746 1997.182 2001.55 1978.062 1936.522 1930.082 1935.204 1914.191 1820.192 1767.614 1680.886 1708.603 1662.977 1636.703 1707.039 1789.505 1869.668 1946.828 1972.686 1978.73 1962.949 1919.22 1834.708 1779.86 1722.69
1161.685 1171.952 1175.951 1186.06 1198.312 1203.864 1204.195 1201.436 1208.844 1217.568 1225.386 1232.017 1240.236 1254.092 1265.734 1279.826 1294.974 1317.231 1342.823 1362.902 1384.617 1405.462 1472.267 1525.288 1594.073 1671.57 1748.103 1770.621 1685.053 1618.615 1579.291 1633.822 1704.19 1710.065 1652.61 1761.651 1874.842 1944.475 1931.006 1972.569 1998.0 2004.339 1972.033 1989.087 1998.238 1992.116 1906.144 1821.432 1742.958 1755.301 1787.59 1679.554 1715.037 1784.495 1853.89 1932.407 2005.219 2023.409 2003.246 1958.837 1910.603 1847.286 1779.214 1724.362
1163.083 1171.207 1183.851 1196.067 1203.538 1214.024 1208.87 1213.045 1214.823 1222.367 1230.479 1238.898 1249.665 1263.366 1273.4 1290.666 1308.247 1333.573 1375.434 1415.507 1394.764 1448.38 1470.542 1511.574 1576.74 1648.015 1712.303 1772.447 1732.699 1712.185 1618.792 1666.032 1744.666 1789.029 1758.268 1760.902 1856.321 1867.288 1927.362 1984.322 2007.169 2011.164 2009.096 2019.575 2017.202 1950.172 1872.183 1782.753 1764.36 1804.577 1826.942 1703.998 1797.128 1906.212 1939.732 1973.085 2014.467 2019.5 1991.249 1954.134 1911.864 1844.633 1786.635 1740.778
1170.114 1174.519 1187.005 1195.509 1211.983 1214.961 1219.715 1224.29 1220.294 1227.039 1237.113 1245.97 1255.715 1269.216 1288.002 1297.402 1319.562 1356.615 1414.616 1472.803 1452.361 1432.306 1524.583 1575.604 1635.945 1676.58 1736.652 1796.877 1751.737 1693.781 1645.142 1691.387 1770.629 1837.971 1855.692 1801.369 1797.148 1905.058 1965.293 2009.191 2032.564 2038.75 2038.37 2026.63 1951.937 1871.848 1813.218 1808.066 1848.22 1884.106 1810.337 1777.328 1839.318 1900.219 1936.506 1964.279 2003.644 2016.555 2002.915 1976.954 1907.185 1866.678 1812.592 1805.403
1175.512 1176.511 1188.034 1200.143 1204.957 1219.186 1227.988 1232.508 1233.439 1228.236 1240.346 1251.502 1264.75 1277.536 1304.065 1310.512 1331.449 1377.22 1449.144 1511.53 1512.516 1461.017 1514.16 1559.237 1636.342 1712.742 1786.105 1828.519 1772.901 1732.437 1700.94 1724.089 1798.41 1869.51 1870.584 1906.834 1847.465 1927.934 1982.428 2019.62 2050.965 2048.239 2039.463 1997.93 1900.551 1853.463 1890.071 1905.948 1927.998 1917.601 1841.284 1834.886 1901.055 1907.425 1911.695 1958.489 2003.209 2034.365 2031.871 1963.888 1880.019 1830.333 1813.729 1859.939
1185.198 1186.268 1187.608 1195.824 1209.122 1224.523 1234.321 1244.418 1248.524 1245.226 1241.396 1258.758 1270.568 1278.84 1293.329 1316.042 1344.401 1388.014 1438.071 1511.631 1543.726 1536.72 1531.421 1578.188 1647.961 1742.89 1831.027 1871.648 1859.235 1804.035 1769.016 1816.72 1856.278 1921.338 1895.258 1932.13 1901.303 1938.923 1976.866 2014.911 2047.606 2051.03 2038.047 1997.212 1947.622 1934.222 1979.609 1987.782 1978.047 1931.178 1855.481 1836.253 1894.344 1948.228 1971.499 1996.928 2026.27 2043.08 2030.028 1924.664 1894.862 1910.037 1854.898 1878.439
1194.371 1195.582 1198.865 1203.421 1215.47 1223.932 1238.238 1250.106 1259.542 1257.751 1250.545 1262.718 1287.584 1297.073 1310.528 1328.346 1350.738 1393.527 1433.023 1499.511 1518.707 1552.95 1596.672 1650.929 1706.187 1770.854 1851.316 1919.534 1938.105 1876.921 1844.58 1908.099 1931.471 1939.347 1947.333 1955.299 1944.706 1912.712 1947.711 1993.781 2026.739 2045.93 2031.489 2013.147 1976.115 2013.558 2028.765 2022.957 1977.679 1910.594 1863.901 1896.811 1890.359 1913.751 1959.531 2000.382 2044.436 2067.545 2003.882 1937.581 1964.309 1960.224 1896.625 1933.798
1206.723 1207.372 1210.966 1213.922 1215.757 1229.715 1242.226 1254.746 1264.329 1273.665 1273.82 1257.923 1308.709 1309.755 1323.191 1344.955 1377.153 1394.427 1434.139 1467.67 1467.669 1510.472 1596.429 1679.051 1748.118 1789.607 1834.821 1880.773 1961.413 1966.524 1928.632 1978.255 1978.105 1988.475 1984.294 1999.395 1964.904 1965.919 1974.706 1963.434 2004.472 2037.492 2015.447 1992.88 2019.319 2049.531 2064.558 2056.695 1993.789 1922.509 1879.162 1947.225 1971.644 1969.624 1980.863 2017.257 2064.396 2098.457 2042.841 1998.89 2017.745 1994.449 1956.487 1985.618
1220.942 1223.713 1224.294 1228.421 1230.313 1236.205 1248.764 1262.582 1274.05 1287.098 1287.057 1270.685 1278.097 1292.453 1323.768 1348.489 1361.974 1385.558 1401.283 1437.912 1472.151 1545.608 1611.996 1672.72 1698.133 1707.468 1771.328 1858.821 1948.641 1987.534 1979.005 2003.359 2013.277 2011.839 2003.02 2008.5 1986.708 1973.289 1961.877 2018.543 2022.917 2025.807 2008.842 2028.632 2020.934 2040.254 2071.283 2052.923 2018.05 1960.092 1947.01 1943.053 1995.157 2029.45 2043.439 2049.507 2104.94 2122.645 2065.839 2071.174 2056.849 1999.343 2006.073 2021.256
1236.375 1236.35 1241.516 1244.572 1246.565 1250.54 1259.148 1271.953 1285.116 1303.738 1301.874 1280.892 1281.523 1296.825 1335.253 1345.699 1365.075 1386.554 1418.679 1477.724 1517.38 1552.846 1586.158 1584.354 1621.045 1705.906 1756.551 1819.513 1902.388 1941.639 1958.199 1991.717 2012.104 2024.413 2031.915 2021.297 2008.156 2001.734 2027.178 2014.339 2033.833 2019.724 2032.755 2060.297 2042.521 2044.272 2070.553 2039.246 2001.432 1980.012 1941.368 1973.939 2019.321 2052.013 2090.357 2103.747 2116.896 2132.351 2088.019 2116.594 2079.402 2037.704 2043.089 2060.155
1250.688 1256.038 1262.67 1265.079 1264.672 1268.725 1272.365 1283.841 1300.012 1315.122 1310.694 1296.099 1310.3 1294.678 1322.369 1349.984 1379.602 1391.735 1423.555 1479.321 1517.07 1529.235 1533.723 1607.361 1682.633 1669.931 1711.087 1795.097 1866.162 1861.662 1909.632 1936.375 1985.984 2020.468 2008.486 2019.562 2033.168 2023.957 2040.338 2033.582 2039.114 2030.661 2047.184 2070.153 2049.855 2059.865 2056.555 2030.653 2014.899 1980.265 1987.046 2020.014 2054.442 2087.41 2117.035 2151.705 2139.402 2144.921 2115.167 2127.512 2108.7 2094.818 2093.527 2098.208
1267.519 1273.894 1282.232 1284.145 1287.008 1287.944 1293.759 1310.625 1331.272 1332.658 1319.055 1309.009 1328.943 1326.507 1312.13 1346.612 1383.931 1410.104 1438.138 1475.129 1510.304 1496.368 1545.134 1629.289 1667.105 1617.291 1676.591 1750.66 1796.903 1785.758 1857.275 1941.411 1935.92 1945.56 1958.857 2001.951 2042.834 2041.268 2058.53 2045.582 2052.522 2045.851 2067.213 2074.037 2064.501 2076.569 2052.796 2018.336 2004.249 1980.467 2022.741 2048.416 2086.851 2122.84 2152.848 2176.502 2168.285 2158.883 2148.491 2151.794 2145.161 2145.79 2115.872 2001.156
1287.279 1290.083 1300.711 1306.567 1312.436 1315.506 1343.897 1343.315 1358.937 1346.589 1345.937 1321.472 1360.575 1361.535 1343.559 1334.121 1382.988 1407.745 1443.333 1460.365 1470.105 1468.179 1540.243 1610.01 1633.519 1576.672 1624.971 1663.991 1709.385 1776.642 1854.945 1923.453 1892.795 1878.778 1916.003 1990.164 2043.781 2074.08 2071.127 2066.169 2064.274 2065.706 2080.871 2090.625 2079.3 2057.5 2030.774 1997.625 2003.007 2006.387 2036.777 2075.498 2102.791 2133.443 2161.887 2190.658 2192.519 2175.707 2142.163 2147.714 2137.347 2101.314 2031.958 1946.966
1337.786 1336.045 1321.159 1332.499 1336.808 1344.226 1359.999 1377.949 1387.176 1379.76 1363.979 1342.755 1387.97 1400.135 1376.437 1352.487 1374.02 1378.598 1416.806 1416.979 1433.183 1505.902 1540.527 1558.151 1553.934 1547.932 1617.233 1688.271 1759.045 1818.031 1864.735 1898.347 1854.02 1870.201 1928.115 1965.733 2007.537 2053.413 2077.463 2076.859 2081.819 2093.296 2091.651 2098.257 2074.554 2041.589 2021.43 2039.213 2052.068 2046.531 2046.133 2065.722 2101.3 2131.268 2158.641 2189.862 2206.082 2181.927 2123.511 2099.77 2090.613 2015.874 1978.593 1915.471
1402.171 1360.217 1359.863 1381.459 1376.789 1389.33 1427.743 1452.656 1404.825 1428.564 1361.387 1392.387 1430.555 1432.552 1411.76 1366.969 1415.292 1392.487 1409.979 1401.144 1439.886 1466.376 1494.725 1481.182 1554.118 1612.11 1658.211 1716.931 1778.75 1808.624 1831.789 1837.37 1830.536 1877.351 1870.384 1886.425 1947.351 2017.494 2083.489 2090.018 2092.794 2099.437 2106.012 2108.822 2077.929 2061.437 2055.119 2070.759 2084.041 2089.755 2095.22 2095.843 2121.311 2132.062 2160.018 2194.321 2151.574 2092.194 2094.015 2029.775 2037.19 1966.929 1915.736 1902.606
1434.7 1418.088 1420.5 1430.011 1432.492 1465.258 1507.805 1460.589 1440.668 1424.132 1398.838 1446.649 1492.655 1486.365 1432.123 1413.619 1414.75 1461.898 1473.67 1442.295 1457.703 1466.655 1470.294 1530.117 1570.96 1625.372 1698.537 1718.129 1741.325 1746.867 1770.667 1766.885 1795.889 1785.087 1839.21 1912.098 1977.513 2048.671 2088.69 2101.686 2105.473 2114.992 2131.582 2103.603 2107.426 2074.934 2070.607 2094.95 2113.535 2121.588 2074.527 2023.892 2061.518 2080.599 2117.654 2123.653 2123.987 2053.53 2040.691 1978.188 1968.949 1955.001 1885.573 1826.73
1420.917 1489.436 1501.861 1479.936 1482.149 1544.494 1554.147 1535.375 1508.125 1419.483 1447.376 1508.563 1543.327 1506.92 1508.181 1474.081 1479.139 1498.527 1511.302 1477.858 1535.972 1518.358 1468.757 1479.298 1510.995 1582.885 1640.812 1661.368 1671.125 1652.899 1674.983 1686.541 1732.352 1792.219 1821.93 1866.681 1931.097 2004.069 2052.191 2098.463 2119.465 2122.308 2136.687 2115.419 2119.379 2111.52 2100.935 2119.471 2145.204 2161.462 2038.648 1961.243 1970.371 2005.922 2025.02 2038.111 2037.016 2011.455 1981.119 1943.452 1897.355 1900.933 1840.674 1769.41
1417.493 1478.613 1571.561 1553.161 1579.73 1630.878 1633.906 1594.14 1500.133 1469.018 1519.629 1567.23 1598.271 1582.045 1561.521 1567.376 1541.04 1530.214 1558.695 1515.724 1570.712 1562.145 1493.859 1577.485 1558.189 1559.065 1551.502 1575.367 1603.862 1674.372 1723.437 1756.151 1806.301 1860.735 1910.338 1946.483 1986.688 2004.852 2061.022 2113.37 2126.986 2136.761 2084.067 2033.301 2104.912 2142.661 2135.58 2143.21 2166.947 2132.278 1993.421 1922.372 1897.668 1925.94 1947.571 1940.253 1949.469 1940.515 1919.18 1904.834 1910.486 1831.914 1811.884 1726.945
1425.053 1497.486 1560.992 1584.918 1597.925 1626.771 1625.335 1583.218 1524.462 1525.161 1589.894 1639.301 1650.205 1652.642 1634.682 1641.374 1609.732 1573.834 1614.593 1578.901 1610.275 1592.528 1520.885 1572.019 1643.031 1668.517 1643.978 1646.223 1641.525 1713.36 1773.909 1822.637 1878.771 1919.906 1976.898 2000.997 2046.345 2072.654 2105.123 2131.635 2149.512 2134.803 2014.369 1986.696 2046.89 2122.876 2158.272 2144.651 2141.698 2132.631 2015.884 1910.515 1827.104 1854.136 1874.975 1852.115 1871.263 1882.067 1877.832 1844.185 1854.596 1795.395 1782.023 1714.58
1419.955 1479.839 1519.981 1537.518 1565.592 1641.403 1605.251 1573.729 1545.975 1586.455 1638.483 1658.457 1667.198 1648.652 1648.901 1653.151 1655.021 1664.768 1650.448 1654.482 1659.968 1602.381 1550.774 1602.529 1641.296 1711.037 1730.309 1682.336 1651.645 1695.888 1750.56 1836.055 1911.699 1971.967 2024.136 2071.821 2092.701 2118.485 2127.955 2088.1 2141.111 2124.612 2002.173 1924.524 1959.918 2048.548 2137.602 2119.552 2096.253 2075.131 1969.447 1877.107 1793.167 1771.596 1791.752 1800.749 1821.354 1865.487 1832.235 1810.147 1807.2 1761.621 1781.964 1704.674
1376.991 1414.297 1467.475 1520.838 1588.963 1625.127 1564.663 1518.822 1575.65 1589.2 1613.199 1634.617 1619.799 1592.773 1603.36 1624.349 1614.225 1635.621 1649.901 1659.017 1674.334 1648.683 1606.681 1631.398 1696.749 1743.423 1779.778 1739.02 1686.61 1725.34 1794.151 1854.648 1909.516 1974.695 2032.42 2075.893 2100.662 2123.176 2053.466 1983.718 2050.842 2031.197 2014.071 1894.604 1909.813 1982.1 2034.447 2043.705 2052.352 2020.786 1964.35 1892.239 1777.756 1759.203 1759.559 1776.006 1833.368 1852.156 1788.779 1768.046 1744.957 1764.367 1792.184 1729.075
1420.67 1445.931 1513.226 1552.085 1618.508 1588.264 1522.536 1533.248 1600.12 1579.538 1551.001 1567.234 1542.134 1551.24 1566.823 1582.757 1596.395 1610.17 1607.479 1622.814 1630.091 1641.565 1680.469 1720.945 1757.457 1802.344 1828.011 1817.882 1753.206 1718.264 1799.367 1882.145 1947.201 1981.014 2035.748 2088.506 2098.288 2079.643 1967.656 1943.465 1942.909 1948.247 1972.604 1873.978 1867.537 1922.762 1953.589 1967.447 1978.284 1969.164 1913.625 1876.271 1813.906 1730.677 1717.506 1752.09 1820.378 1833.231 1765.773 1708.841 1734.894 1794.379 1812.99 1742.513
1460.469 1507.106 1570.635 1591.756 1610.5 1581.764 1510.546 1510.987 1553.876 1528.999 1515.059 1544.938 1593.962 1613.09 1659.326 1673.165 1610.463 1662.566 1671.253 1693.156 1711.152 1672.767 1656.917 1710.95 1753.997 1798.244 1831.156 1824.666 1828.984 1801.715 1810.306 1875.337 1929.523 1971.478 2024.975 2068.143 2054.962 2040.232 1961.257 1883.895 1894.826 1883.377 1916.843 1905.437 1837.391 1869.395 1904.743 1905.557 1898.001 1903.787 1894.86 1834.44 1794.966 1777.395 1681.37 1692.061 1770.248 1785.694 1724.883 1669.434 1742.252 1808.602 1802.222 1740.527
1516.788 1588.191 1602.147 1572.201 1582.726 1541.662 1484.161 1453.157 1468.242 1492.423 1567.258 1633.182 1660.227 1680.829 1707.024 1698.413 1639.997 1697.199 1701.866 1752.243 1747.045 1716.954 1669.296 1679.292 1710.713 1753.485 1787.869 1783.611 1817.662 1844.529 1859.595 1865.967 1913.771 1963.163 2009.734 2025.839 1983.927 1985.037 1884.977 1810.434 1843.282 1831.991 1866.061 1835.359 1813.63 1818.918 1850.208 1846.374 1828.296 1844.447 1840.564 1831.371 1787.252 1746.839 1641.826 1603.795 1691.693 1723.679 1719.305 1642.533 1718.819 1777.806 1775.843 1748.134
1588.771 1618.276 1575.571 1535.02 1535.654 1502.847 1450.001 1488.062 1537.66 1581.969 1607.486 1685.415 1738.443 1758.968 1760.674 1712.127 1662.571 1711.682 1742.853 1777.894 1760.764 1704.538 1700.983 1726.658 1739.602 1744.177 1776.519 1817.562 1798.238 1825.013 1844.044 1872.487 1922.036 1956.854 1988.17 1994.485 1920.891 1910.662 1870.084 1780.045 1749.184 1796.419 1818.169 1802.583 1725.625 1761.865 1788.995 1816.334 1764.617 1780.301 1769.048 1806.623 1808.489 1748.636 1679.24 1553.126 1591.761 1674.755 1682.758 1607.998 1686.404 1756.549 1748.737 1711.99
1617.807 1572.976 1560.629 1557.984 1499.895 1460.812 1437.098 1520.9 1588.162 1646.922 1682.755 1724.863 1773.508 1789.962 1769.257 1727.699 1727.069 1714.708 1777.129 1807.157 1750.636 1748.107 1741.815 1766.33 1772.878 1806.549 1771.801 1811.094 1852.772 1880.372 1862.417 1896.172 1940.483 1975.633 2000.995 1962.298 1883.844 1827.939 1787.3 1714.131 1685.784 1727.776 1743.935 1745.714 1689.754 1685.818 1726.728 1769.965 1725.001 1713.033 1757.358 1808.996 1793.719 1752.537 1687.831 1585.579 1517.382 1590.44 1595.245 1587.553 1697.032 1737.962 1726.228 1677.147
1568.432 1546.011 1521.369 1500.737 1484.226 1431.313 1469.832 1553.612 1607.84 1658.703 1710.431 1763.389 1764.93 1787.595 1794.547 1786.484 1780.76 1774.458 1807.116 1813.456 1756.071 1799.27 1801.707 1797.375 1825.044 1847.352 1802.631 1822.39 1848.31 1905.192 1921.812 1913.425 1948.579 1974.591 1978.815 1927.495 1844.821 1776.045 1742.788 1657.568 1635.699 1643.124 1654.586 1679.69 1655.559 1601.754 1666.702 1716.262 1699.142 1701.211 1755.834 1777.453 1758.224 1713.243 1693.236 1596.909 1509.002 1508.656 1489.467 1594.747 1634.132 1672.78 1669.207 1621.489
1544.37 1528.202 1466.737 1498.168 1443.673 1418.557 1463.982 1534.773 1605.913 1666.832 1708.323 1741.2 1756.03 1782.45 1806.931 1833.184 1836.257 1838.99 1843.575 1851.566 1827.583 1856.909 1854.486 1855.395 1881.25 1870.308 1847.126 1879.577 1866.919 1919.933 1951.118 1927.613 1897.565 1887.641 1910.97 1909.334 1848.728 1759.147 1702.534 1640.596 1580.624 1568.846 1605.0 1616.657 1592.868 1563.557 1618.817 1671.494 1644.131 1694.841 1733.101 1728.817 1701.902 1638.324 1651.622 1650.164 1541.43 1452.047 1476.602 1551.069 1565.977 1611.286 1604.133 1541.328
