lector_archivos/matrices/zona_oeste_sierra_header.txt
NCOLS 450 
NROWS 450
XLLCENTER 344200
YLLCENTER 4519600
CELLSIZE 200
NODATA_VALUE -999
[rows 308 to 335 of 450, columns 0 to 63 of 450]
1077.483 1077.258 1075.46 1073.753 1072.173 1070.911 1069.101 1067.447 1066.167 1065.145 1063.777 1065.01 1065.032 1066.869 1067.208 1066.217 1068.32 1067.535 1069.812 1067.544 1069.889 1071.075 1071.471 1073.764 1075.29 1075.889 1074.761 1075.055 1075.881 1077.382 1076.228 1078.437 1080.199 1081.827 1083.541 1085.624 1086.555 1087.888 1091.078 1093.227 1096.507 1101.523 1100.889 1117.907 1116.558 1110.78 1117.411 1120.534 1116.601 1122.478 1145.936 1134.901 1133.527 1139.498 1153.941 1168.112 1159.201 1158.197 1165.887 1163.722 1181.709 1196.318 1193.825 1194.06
1078.743 1077.444 1075.301 1073.536 1072.13 1070.81 1070.075 1071.655 1071.514 1062.564 1063.621 1065.465 1065.624 1065.519 1066.365 1066.159 1068.214 1068.349 1068.526 1068.57 1068.688 1069.455 1069.565 1069.784 1072.006 1073.31 1072.471 1072.87 1075.717 1075.958 1078.508 1079.182 1081.013 1081.202 1083.587 1086.001 1091.55 1095.518 1096.83 1102.176 1106.068 1101.497 1109.126 1105.619 1113.943 1117.538 1128.315 1137.213 1130.118 1116.187 1137.335 1144.953 1139.919 1134.177 1156.165 1169.984 1169.46 1162.226 1178.23 1175.15 1172.841 1200.352 1205.467 1189.989
1077.349 1076.272 1074.934 1073.125 1071.577 1070.796 1072.76 1078.87 1062.673 1063.627 1064.763 1065.906 1065.325 1065.822 1066.391 1067.58 1067.145 1067.561 1068.593 1069.448 1068.899 1069.35 1068.973 1070.326 1068.999 1070.998 1071.932 1074.887 1077.976 1079.358 1079.399 1082.306 1084.906 1084.964 1084.476 1089.951 1094.725 1098.317 1099.401 1100.37 1107.326 1110.048 1109.07 1117.461 1115.039 1124.444 1134.611 1140.117 1136.568 1119.668 1134.815 1156.498 1141.193 1139.44 1162.684 1175.379 1175.558 1173.244 1178.081 1188.612 1182.534 1189.91 1203.754 1198.075
1075.679 1074.274 1074.346 1072.676 1071.054 1069.299 1071.601 1063.697 1064.902 1064.729 1065.636 1066.73 1066.257 1065.91 1066.719 1067.639 1068.278 1068.798 1069.821 1069.698 1069.754 1070.402 1070.86 1071.272 1071.855 1072.276 1072.906 1073.162 1073.669 1073.165 1078.044 1079.562 1081.549 1085.091 1088.859 1092.462 1097.922 1096.565 1094.376 1097.95 1104.697 1109.849 1114.512 1123.735 1120.771 1132.051 1132.056 1154.267 1144.065 1125.115 1134.114 1158.257 1147.967 1159.948 1151.366 1181.377 1183.383 1193.459 1196.092 1194.964 1197.938 1205.151 1208.755 1201.591
1072.409 1072.004 1071.148 1071.363 1069.772 1068.131 1065.884 1065.688 1064.536 1066.273 1066.427 1069.057 1066.533 1066.508 1067.583 1069.211 1070.304 1070.267 1071.683 1072.148 1071.821 1072.079 1072.183 1072.987 1073.716 1074.522 1075.609 1075.414 1074.693 1075.273 1074.564 1082.605 1082.304 1085.402 1094.488 1090.76 1087.669 1091.403 1100.623 1101.467 1109.721 1114.555 1121.415 1130.848 1129.346 1139.959 1133.778 1155.25 1150.049 1133.643 1128.993 1138.27 1157.649 1164.123 1163.15 1163.959 1161.713 1181.895 1193.379 1206.269 1213.012 1217.834 1216.978 1203.379
1071.184 1070.733 1069.744 1069.178 1069.179 1066.793 1065.482 1065.204 1065.532 1068.087 1070.074 1070.673 1068.253 1067.411 1068.503 1070.034 1071.221 1072.022 1073.479 1074.411 1073.693 1074.318 1074.916 1077.731 1079.232 1077.062 1076.771 1077.642 1077.62 1076.772 1076.103 1075.635 1078.802 1084.698 1081.742 1084.647 1092.401 1100.738 1100.987 1108.994 1108.285 1113.654 1127.76 1143.827 1133.074 1138.138 1140.679 1155.827 1159.623 1140.519 1140.865 1149.636 1155.614 1168.224 1176.32 1179.949 1185.151 1175.517 1185.705 1198.112 1217.232 1236.115 1229.235 1207.955
1070.084 1069.491 1068.539 1068.24 1067.526 1066.46 1066.348 1065.871 1067.757 1069.421 1069.221 1069.224 1069.981 1070.787 1071.033 1072.416 1074.008 1074.274 1075.435 1077.364 1078.614 1078.71 1078.239 1079.087 1079.743 1079.662 1079.085 1079.517 1079.05 1079.37 1078.178 1076.777 1077.792 1079.881 1087.014 1090.964 1095.31 1101.806 1106.249 1111.547 1114.907 1120.247 1122.359 1137.613 1140.753 1151.06 1148.861 1153.714 1153.415 1144.993 1148.113 1153.282 1156.11 1191.243 1189.706 1201.608 1203.213 1194.83 1183.505 1196.716 1213.81 1220.116 1224.354 1210.304
1069.267 1068.762 1067.455 1067.671 1066.824 1066.588 1065.523 1068.617 1071.044 1069.831 1070.304 1070.926 1072.405 1074.64 1075.655 1076.9 1076.462 1078.285 1081.309 1080.833 1081.965 1083.943 1082.87 1082.213 1083.119 1082.911 1082.6 1083.671 1082.013 1081.426 1080.372 1080.399 1078.852 1078.846 1080.943 1085.669 1094.21 1097.324 1103.286 1114.285 1124.952 1122.847 1131.537 1137.458 1152.59 1185.82 1163.318 1178.755 1171.002 1161.079 1163.368 1166.903 1164.306 1186.159 1206.401 1208.277 1214.529 1210.233 1206.752 1203.813 1203.452 1225.103 1229.112 1229.314
1069.071 1068.067 1068.059 1067.44 1066.977 1066.76 1068.825 1071.778 1073.428 1075.95 1074.13 1072.951 1074.588 1079.061 1080.79 1083.129 1083.062 1084.62 1087.913 1085.849 1087.877 1090.689 1089.998 1088.582 1088.119 1087.386 1086.729 1088.029 1087.041 1084.266 1083.518 1082.992 1082.304 1080.782 1080.872 1083.49 1085.653 1100.024 1107.001 1117.562 1122.708 1133.806 1131.559 1158.925 1153.981 1188.277 1180.979 1186.505 1184.864 1165.883 1172.85 1182.989 1183.708 1201.476 1226.0 1226.484 1233.001 1231.591 1227.585 1219.147 1212.841 1225.303 1226.499 1235.2
1068.628 1068.026 1067.777 1067.877 1068.221 1070.192 1072.272 1073.332 1074.567 1074.954 1075.556 1076.319 1077.21 1081.753 1089.913 1097.913 1093.175 1092.059 1095.664 1092.067 1105.06 1111.107 1109.587 1101.097 1099.091 1094.616 1091.872 1089.9 1090.06 1091.269 1089.439 1086.399 1084.933 1084.443 1080.98 1082.865 1083.5 1087.507 1096.754 1115.797 1127.827 1134.589 1143.035 1162.64 1172.555 1180.84 1194.563 1199.383 1196.223 1193.757 1183.431 1164.913 1195.357 1201.648 1224.894 1238.383 1254.698 1257.565 1250.236 1218.986 1234.658 1237.674 1234.214 1238.327
1069.015 1068.438 1068.563 1067.97 1070.537 1073.011 1074.258 1075.979 1077.062 1078.688 1080.623 1082.672 1091.761 1102.784 1102.299 1111.757 1109.882 1111.658 1107.826 1123.414 1139.843 1156.446 1151.892 1136.578 1116.131 1104.066 1099.726 1096.055 1096.121 1094.764 1092.126 1090.694 1089.915 1086.84 1082.337 1085.234 1086.913 1084.94 1089.231 1104.31 1116.283 1128.468 1158.383 1162.623 1176.103 1179.294 1193.585 1206.275 1210.726 1197.103 1183.463 1175.541 1200.9 1224.185 1231.052 1239.285 1253.681 1273.989 1259.795 1220.065 1257.089 1247.512 1253.105 1265.709
1068.843 1069.259 1068.951 1071.41 1072.794 1074.715 1080.352 1089.834 1094.83 1099.671 1100.492 1101.903 1108.042 1118.584 1115.296 1121.491 1121.078 1121.768 1123.775 1118.054 1141.772 1151.77 1160.344 1155.703 1140.829 1128.439 1115.163 1108.001 1106.294 1103.825 1100.467 1097.529 1095.253 1089.748 1086.658 1087.001 1086.366 1093.233 1088.187 1091.257 1107.322 1117.762 1144.623 1169.109 1180.791 1188.555 1191.926 1197.451 1204.283 1201.576 1186.847 1193.296 1210.966 1237.416 1266.099 1263.014 1266.714 1291.8 1285.014 1222.447 1257.774 1270.284 1273.173 1286.803
1070.37 1069.971 1069.393 1074.785 1075.775 1077.699 1085.918 1097.956 1110.151 1123.819 1141.497 1129.725 1140.382 1136.65 1131.728 1136.022 1137.497 1146.472 1144.094 1139.253 1145.504 1158.296 1164.719 1169.548 1165.604 1150.887 1147.894 1141.857 1123.546 1122.39 1122.649 1118.329 1107.056 1096.296 1087.805 1095.152 1099.011 1107.719 1122.06 1121.374 1095.695 1150.414 1148.071 1140.815 1161.641 1185.46 1194.646 1204.255 1210.997 1208.592 1185.667 1203.442 1222.213 1235.721 1260.486 1273.834 1286.368 1291.569 1264.063 1232.734 1246.566 1279.0 1289.045 1293.853
1072.528 1070.99 1070.288 1079.103 1080.267 1079.762 1090.204 1106.589 1117.394 1131.404 1146.057 1150.819 1154.461 1153.084 1147.311 1151.636 1154.661 1160.383 1162.543 1159.463 1166.54 1171.594 1178.823 1181.893 1186.739 1190.694 1179.931 1164.812 1162.586 1159.565 1153.116 1154.937 1148.942 1122.762 1092.471 1106.899 1117.362 1151.652 1142.943 1103.229 1098.077 1139.623 1187.01 1187.692 1171.794 1168.071 1192.909 1202.275 1210.501 1205.087 1193.807 1192.589 1210.704 1227.61 1248.782 1258.591 1271.683 1278.98 1282.452 1258.172 1256.913 1286.119 1294.516 1302.758
1074.492 1072.581 1070.956 1080.257 1084.022 1085.62 1097.456 1107.432 1118.625 1130.08 1138.861 1161.011 1166.2 1161.114 1161.738 1166.629 1171.221 1176.114 1183.465 1171.96 1182.544 1184.175 1188.004 1191.583 1201.184 1208.469 1206.556 1196.078 1190.769 1185.25 1172.812 1161.814 1156.142 1107.936 1132.207 1133.971 1148.287 1152.592 1107.811 1117.869 1161.004 1191.158 1196.584 1212.12 1198.23 1183.565 1186.146 1208.447 1215.822 1208.301 1188.662 1215.046 1237.851 1245.449 1242.375 1252.252 1263.335 1278.412 1292.649 1277.067 1259.639 1275.699 1294.436 1306.302
1076.855 1073.733 1071.987 1086.469 1089.967 1093.406 1095.275 1096.146 1109.403 1120.8 1130.492 1143.482 1158.903 1164.282 1175.394 1176.41 1183.84 1193.76 1195.315 1197.911 1195.471 1198.725 1197.943 1205.879 1211.757 1216.299 1213.498 1210.607 1199.087 1183.345 1168.275 1152.559 1127.936 1118.124 1146.372 1157.746 1162.953 1153.194 1109.154 1156.858 1145.537 1179.019 1182.101 1203.105 1219.383 1205.251 1197.765 1207.601 1211.76 1218.668 1198.408 1229.934 1244.385 1271.241 1281.842 1285.176 1304.281 1309.736 1298.939 1276.249 1265.711 1279.817 1303.101 1317.415
1079.077 1074.808 1072.952 1083.718 1088.941 1097.643 1108.232 1106.681 1113.205 1115.815 1132.227 1150.826 1157.883 1166.255 1176.577 1181.998 1189.291 1202.349 1208.043 1207.62 1205.806 1205.813 1210.287 1217.24 1228.994 1233.205 1221.307 1199.088 1181.095 1161.851 1145.335 1129.893 1105.407 1142.949 1158.947 1168.388 1155.982 1124.649 1110.273 1140.435 1148.144 1155.05 1134.563 1164.403 1232.056 1224.073 1219.497 1212.387 1226.174 1236.841 1229.33 1209.964 1219.196 1237.855 1268.493 1292.569 1329.782 1322.758 1291.854 1271.915 1281.868 1295.085 1299.722 1316.25
1080.546 1075.965 1073.463 1080.383 1092.618 1109.641 1119.91 1118.191 1119.722 1120.578 1125.903 1156.144 1169.533 1166.643 1172.171 1172.11 1181.123 1190.3 1199.705 1202.078 1207.218 1217.582 1233.354 1239.904 1224.918 1211.274 1201.66 1197.628 1183.09 1168.867 1142.664 1119.519 1113.933 1150.172 1165.192 1156.545 1143.249 1130.104 1107.789 1145.568 1167.997 1170.062 1171.932 1209.179 1235.97 1251.267 1245.034 1231.282 1240.328 1242.505 1240.196 1213.893 1233.055 1253.7 1275.755 1286.795 1310.571 1322.243 1297.686 1282.009 1295.93 1318.061 1311.293 1336.321
1082.344 1076.495 1073.986 1079.252 1087.114 1106.732 1128.356 1129.097 1133.374 1134.412 1134.452 1130.528 1141.727 1152.509 1156.123 1165.892 1179.822 1183.9 1191.396 1200.446 1218.968 1219.962 1227.477 1228.004 1218.312 1204.118 1192.342 1183.995 1179.105 1160.952 1147.082 1111.194 1153.476 1163.431 1166.346 1161.836 1154.949 1113.42 1145.765 1160.111 1173.344 1178.614 1198.695 1218.048 1226.907 1237.99 1262.066 1262.405 1267.663 1259.901 1248.75 1227.399 1261.885 1288.321 1288.715 1302.278 1306.55 1311.37 1301.391 1297.554 1305.517 1319.34 1327.101 1324.392
1082.108 1076.758 1074.734 1076.891 1088.261 1106.48 1132.445 1143.47 1147.553 1151.587 1144.898 1135.011 1143.605 1156.747 1179.075 1182.339 1188.816 1197.708 1201.089 1204.16 1212.636 1221.129 1212.005 1214.279 1203.91 1205.916 1187.737 1175.621 1163.997 1143.316 1119.985 1120.706 1152.103 1160.38 1169.511 1161.762 1142.116 1119.566 1148.859 1164.796 1169.462 1181.526 1195.205 1202.675 1220.161 1234.964 1258.272 1280.305 1288.488 1288.236 1307.386 1274.048 1236.12 1251.744 1267.562 1295.107 1285.959 1311.483 1308.937 1322.28 1319.496 1328.38 1348.658 1337.022
1082.821 1076.953 1076.382 1077.403 1085.71 1098.281 1118.689 1135.641 1155.952 1162.423 1156.733 1140.484 1145.806 1161.578 1171.689 1184.162 1196.367 1199.698 1210.868 1212.569 1218.528 1222.57 1211.62 1202.068 1187.307 1176.843 1176.593 1174.55 1161.409 1151.536 1136.825 1146.777 1160.369 1170.202 1167.414 1154.277 1134.294 1125.581 1151.3 1140.125 1166.275 1169.514 1186.348 1194.282 1206.091 1218.154 1229.092 1242.382 1263.731 1300.011 1312.727 1294.001 1266.976 1248.438 1252.204 1261.911 1283.486 1316.436 1317.523 1328.536 1331.631 1338.96 1353.16 1349.352
1080.879 1077.94 1076.417 1078.72 1084.763 1102.91 1129.969 1149.377 1162.877 1179.761 1165.055 1157.292 1149.685 1175.488 1191.644 1203.386 1214.554 1214.611 1215.121 1219.399 1221.458 1218.498 1213.551 1206.975 1195.069 1184.935 1165.308 1153.088 1156.998 1145.192 1128.969 1135.422 1149.777 1166.416 1172.358 1166.803 1149.051 1146.051 1126.719 1144.752 1150.869 1172.515 1181.152 1185.035 1192.242 1202.731 1214.959 1228.412 1242.651 1275.903 1296.257 1286.654 1261.603 1254.429 1278.781 1278.265 1290.532 1287.454 1306.261 1330.546 1337.259 1342.57 1355.928 1360.568
1085.54 1077.869 1077.111 1080.422 1089.024 1107.474 1135.298 1146.637 1176.4 1190.755 1184.701 1167.689 1155.011 1168.89 1184.396 1192.069 1205.668 1219.721 1230.455 1227.247 1223.512 1214.644 1208.751 1211.011 1204.512 1193.047 1171.186 1162.231 1149.875 1138.403 1146.51 1132.204 1159.907 1172.087 1177.915 1173.631 1167.148 1152.708 1126.921 1162.881 1162.408 1171.727 1167.635 1167.326 1186.813 1190.827 1202.655 1218.075 1237.265 1251.384 1270.641 1279.454 1268.524 1259.807 1258.509 1270.389 1282.162 1296.134 1315.708 1323.971 1326.426 1327.13 1344.835 1357.759
1084.734 1078.147 1078.045 1082.907 1092.491 1107.5 1118.07 1154.203 1171.154 1191.186 1186.366 1177.524 1168.49 1191.423 1189.758 1198.929 1209.955 1227.194 1254.207 1245.052 1233.008 1214.361 1204.215 1197.198 1197.307 1185.308 1182.871 1166.141 1157.969 1158.868 1157.897 1141.857 1157.173 1179.353 1183.311 1179.191 1168.479 1140.496 1143.371 1165.569 1172.202 1188.03 1194.909 1195.261 1194.618 1181.67 1203.167 1222.077 1253.1 1269.975 1291.883 1290.137 1287.679 1284.54 1263.59 1264.815 1273.699 1287.955 1299.801 1315.944 1314.644 1329.327 1343.677 1351.856
1085.117 1079.326 1078.945 1084.396 1094.342 1116.24 1140.712 1152.83 1163.486 1188.547 1190.607 1183.07 1177.386 1193.945 1196.549 1204.675 1218.377 1235.957 1249.203 1237.755 1233.139 1228.955 1207.605 1196.469 1182.318 1172.642 1169.002 1171.242 1155.932 1168.987 1165.267 1138.581 1160.967 1178.46 1185.707 1177.085 1156.55 1160.274 1170.083 1164.904 1177.75 1193.389 1206.343 1230.765 1204.321 1194.834 1214.38 1234.635 1259.232 1315.311 1328.566 1333.952 1295.283 1280.166 1269.067 1285.492 1277.489 1287.711 1294.404 1306.15 1321.487 1321.851 1331.619 1337.19
1087.653 1079.946 1080.929 1088.175 1100.438 1128.326 1155.666 1175.664 1192.185 1193.757 1204.109 1193.534 1189.204 1201.937 1212.563 1216.554 1228.928 1240.217 1236.803 1229.44 1231.41 1225.668 1215.02 1198.896 1191.843 1173.571 1163.381 1160.142 1168.156 1173.824 1166.428 1146.886 1169.446 1179.049 1178.557 1168.916 1168.922 1168.55 1175.296 1155.496 1179.455 1199.167 1209.563 1217.288 1212.526 1200.105 1218.167 1259.194 1267.878 1309.357 1337.81 1324.851 1306.498 1286.165 1285.179 1305.603 1299.97 1307.906 1313.934 1316.377 1333.155 1336.18 1350.015 1352.589
1085.382 1080.842 1083.26 1090.727 1109.265 1135.208 1165.118 1199.621 1220.452 1227.38 1215.57 1203.432 1197.153 1213.816 1219.483 1230.814 1238.116 1243.622 1236.594 1231.499 1216.649 1221.251 1209.17 1192.242 1189.088 1180.717 1171.069 1176.927 1179.155 1177.28 1160.193 1150.289 1165.447 1174.635 1176.959 1172.503 1174.491 1183.52 1177.201 1161.407 1177.266 1190.118 1205.816 1219.502 1214.211 1205.124 1214.211 1242.917 1274.423 1316.67 1326.232 1334.806 1317.043 1300.725 1298.733 1295.015 1314.207 1321.101 1335.549 1336.975 1354.803 1355.504 1360.854 1368.891
1082.231 1081.553 1087.212 1095.634 1136.683 1182.196 1192.535 1216.554 1220.307 1220.373 1217.695 1209.165 1207.274 1213.856 1218.784 1235.531 1256.865 1239.769 1227.524 1229.274 1211.868 1200.739 1194.021 1186.135 1182.44 1177.745 1172.524 1173.212 1178.218 1178.457 1155.774 1172.29 1177.856 1180.908 1179.396 1179.511 1199.814 1200.849 1194.106 1169.58 1188.165 1227.483 1238.606 1241.423 1226.979 1208.364 1219.937 1239.792 1264.141 1285.536 1297.669 1320.705 1341.123 1320.485 1317.3 1312.776 1303.266 1319.117 1345.301 1350.681 1360.514 1369.892 1369.104 1368.368
