lector_archivos/matrices/zona_oeste_sierra_header.txt
NCOLS 450 
NROWS 450
XLLCENTER 344200
YLLCENTER 4519600
CELLSIZE 200
NODATA_VALUE -999
[rows 336 to 363 of 450, columns 0 to 63 of 450]
1082.743 1082.321 1105.235 1102.416 1133.998 1173.739 1174.3 1184.476 1193.725 1203.2 1210.274 1203.907 1213.966 1219.557 1223.185 1243.612 1243.872 1235.213 1219.595 1207.305 1203.614 1196.869 1186.091 1180.854 1176.379 1177.65 1177.13 1176.486 1179.72 1176.628 1168.998 1172.466 1189.417 1195.857 1192.116 1198.823 1202.822 1195.598 1190.672 1169.029 1207.998 1270.907 1265.364 1261.282 1246.885 1228.222 1219.429 1226.215 1248.366 1268.838 1308.449 1327.783 1339.635 1346.435 1335.619 1323.147 1311.606 1326.818 1346.861 1351.91 1373.767 1387.729 1387.807 1382.958
1083.884 1090.191 1131.316 1126.667 1131.542 1147.203 1162.992 1180.988 1192.651 1203.82 1210.438 1192.594 1211.895 1210.665 1222.438 1234.421 1233.115 1227.382 1213.595 1202.653 1198.655 1194.409 1188.238 1183.15 1183.151 1187.723 1183.991 1180.902 1185.991 1183.364 1167.989 1185.441 1189.922 1194.742 1201.625 1203.508 1195.69 1188.5 1173.94 1174.014 1220.926 1240.704 1241.77 1234.996 1243.535 1246.429 1233.462 1245.545 1296.424 1327.274 1330.057 1334.03 1353.641 1369.342 1346.399 1329.067 1334.807 1337.039 1345.309 1355.66 1375.284 1390.747 1354.94 1339.038
1085.245 1096.629 1113.11 1135.783 1160.987 1165.75 1178.029 1193.379 1195.805 1202.134 1192.222 1178.635 1196.339 1198.169 1207.833 1220.351 1214.599 1218.98 1208.651 1202.469 1197.337 1192.247 1190.57 1182.851 1185.778 1195.542 1186.886 1189.335 1190.843 1188.058 1178.692 1188.377 1194.337 1199.474 1205.235 1194.07 1187.98 1186.491 1183.693 1182.653 1199.358 1206.825 1213.647 1223.183 1239.243 1249.162 1231.022 1248.705 1289.069 1333.36 1346.322 1361.461 1377.42 1384.739 1360.319 1348.202 1371.412 1363.433 1358.44 1373.99 1389.071 1366.808 1305.278 1259.408
1087.551 1085.921 1107.503 1130.137 1152.075 1161.618 1171.153 1187.471 1191.75 1191.657 1180.363 1166.393 1176.294 1186.101 1189.599 1192.013 1207.786 1217.401 1218.708 1204.403 1196.777 1192.44 1188.931 1189.986 1202.12 1198.933 1193.326 1194.687 1195.289 1189.144 1185.514 1198.492 1200.575 1213.77 1213.721 1204.381 1182.324 1187.114 1191.656 1199.608 1194.297 1199.161 1209.457 1220.478 1241.06 1253.507 1246.013 1255.994 1307.537 1346.643 1367.677 1386.856 1402.262 1392.32 1362.034 1372.168 1386.425 1369.136 1363.076 1376.361 1366.298 1294.833 1235.051 1173.843
1098.764 1104.456 1096.946 1105.124 1116.531 1149.723 1171.146 1179.032 1188.98 1178.048 1169.778 1154.373 1165.625 1174.088 1175.172 1195.415 1213.06 1218.921 1219.699 1210.215 1201.033 1194.487 1189.432 1196.26 1201.334 1204.134 1206.375 1201.875 1190.653 1188.393 1200.601 1213.232 1214.304 1218.081 1214.996 1199.182 1196.097 1214.5 1210.85 1217.107 1209.605 1208.435 1213.984 1230.6 1244.208 1259.674 1267.149 1271.928 1318.167 1347.845 1363.083 1380.213 1390.454 1384.832 1372.501 1382.204 1389.818 1370.343 1358.781 1325.425 1287.148 1229.985 1174.73 1130.273
1112.656 1119.762 1110.944 1102.212 1110.411 1128.037 1147.07 1151.865 1173.342 1163.271 1160.281 1142.316 1151.121 1155.083 1172.222 1186.935 1213.607 1220.599 1222.705 1210.123 1200.147 1195.032 1194.063 1203.844 1212.713 1213.647 1213.258 1210.047 1191.491 1203.209 1213.301 1223.329 1232.16 1244.038 1244.717 1209.296 1207.403 1218.074 1249.015 1257.35 1227.714 1230.746 1237.267 1266.509 1259.758 1269.036 1264.047 1258.933 1280.755 1313.736 1335.957 1354.523 1356.465 1373.301 1373.83 1382.285 1386.1 1344.191 1267.269 1235.486 1209.072 1174.072 1143.846 1154.175
1162.362 1133.093 1123.317 1099.64 1104.324 1112.815 1121.624 1134.061 1141.93 1145.379 1137.587 1132.711 1148.667 1164.427 1176.59 1188.441 1218.805 1226.49 1231.094 1224.36 1212.109 1197.352 1205.011 1212.488 1217.593 1229.666 1228.209 1208.809 1206.733 1218.796 1229.977 1236.803 1248.626 1252.371 1239.857 1218.449 1202.575 1243.999 1261.19 1258.754 1237.377 1248.947 1246.571 1274.019 1307.155 1297.233 1292.325 1262.677 1273.406 1288.726 1307.065 1320.834 1338.928 1353.708 1361.025 1350.539 1321.155 1274.211 1217.165 1190.804 1196.267 1198.246 1199.055 1190.179
1198.706 1151.742 1129.944 1105.508 1131.879 1115.548 1104.008 1120.553 1125.69 1119.628 1124.898 1130.3 1145.256 1160.071 1172.405 1192.654 1207.959 1239.518 1248.216 1237.454 1220.881 1202.09 1205.046 1219.795 1229.008 1237.273 1232.21 1213.596 1214.715 1222.96 1238.253 1248.876 1265.262 1278.55 1272.388 1254.17 1225.341 1260.145 1290.941 1276.759 1269.581 1271.755 1261.728 1295.623 1321.435 1323.365 1313.304 1308.745 1273.037 1286.909 1300.519 1316.829 1338.208 1350.703 1343.887 1322.652 1270.708 1222.736 1235.487 1247.404 1269.375 1292.968 1270.112 1265.633
1215.136 1149.828 1128.527 1140.003 1151.104 1164.168 1139.216 1106.508 1117.394 1128.507 1137.642 1141.635 1150.972 1165.511 1179.813 1189.184 1211.656 1232.115 1243.654 1237.301 1224.291 1214.766 1218.912 1226.202 1233.592 1244.848 1236.144 1220.678 1211.613 1243.347 1252.739 1273.898 1302.301 1310.782 1295.23 1256.589 1219.876 1267.663 1282.508 1300.374 1296.478 1294.727 1294.851 1313.196 1350.141 1348.256 1319.328 1303.459 1282.771 1281.188 1293.734 1312.055 1335.969 1334.596 1325.494 1305.568 1278.984 1288.979 1316.864 1335.457 1370.233 1361.71 1342.567 1317.574
1228.936 1135.843 1142.417 1169.657 1179.015 1185.683 1167.37 1133.25 1120.089 1140.796 1152.972 1153.002 1157.831 1173.203 1184.086 1203.792 1219.53 1237.465 1251.659 1247.689 1221.78 1225.19 1236.2 1257.142 1251.99 1248.458 1237.576 1213.57 1227.287 1247.46 1269.817 1282.152 1302.865 1315.323 1288.727 1255.504 1243.126 1259.792 1272.433 1287.277 1289.487 1295.251 1304.705 1325.661 1336.722 1341.049 1338.348 1323.039 1299.219 1290.529 1291.41 1306.419 1322.851 1313.562 1316.244 1332.338 1338.244 1360.689 1397.708 1404.756 1388.101 1371.304 1331.075 1282.161
1191.825 1142.145 1162.024 1223.112 1206.739 1191.878 1178.9 1144.555 1121.279 1124.776 1145.481 1160.194 1163.826 1178.324 1216.993 1215.476 1221.659 1249.919 1275.242 1264.897 1227.094 1270.449 1268.778 1284.492 1266.34 1264.679 1239.008 1220.439 1237.669 1257.918 1268.864 1280.298 1300.561 1295.503 1284.015 1250.307 1241.993 1241.774 1249.649 1261.107 1279.925 1299.058 1312.748 1320.946 1328.866 1347.436 1339.939 1322.623 1309.375 1295.698 1295.715 1295.239 1302.18 1321.047 1328.809 1352.055 1368.034 1377.8 1392.127 1388.45 1370.387 1336.748 1302.795 1271.496
1204.11 1152.403 1182.993 1209.57 1206.909 1202.825 1188.937 1157.464 1124.446 1147.113 1147.315 1164.22 1166.329 1187.463 1206.554 1220.43 1231.276 1258.394 1289.074 1274.834 1242.322 1252.519 1283.138 1296.552 1278.408 1261.003 1231.408 1239.081 1242.782 1269.905 1279.769 1290.202 1297.666 1284.901 1264.116 1244.187 1250.802 1250.326 1262.736 1278.647 1300.761 1321.524 1328.257 1339.471 1340.371 1351.647 1346.088 1319.889 1314.369 1317.646 1311.865 1319.882 1332.598 1345.222 1357.651 1382.658 1395.799 1391.518 1392.119 1384.828 1375.082 1365.816 1328.052 1301.482
1192.477 1166.989 1194.425 1216.235 1217.026 1203.358 1179.423 1135.477 1137.499 1171.658 1164.162 1178.199 1176.746 1184.431 1194.853 1213.748 1229.229 1252.967 1267.101 1258.495 1240.167 1248.678 1271.211 1282.001 1263.731 1247.339 1236.162 1247.465 1258.201 1264.254 1280.832 1291.696 1291.174 1280.086 1265.614 1241.026 1275.879 1251.951 1260.366 1275.417 1297.021 1304.975 1315.449 1328.921 1333.405 1342.092 1345.882 1357.899 1343.816 1340.412 1326.351 1334.374 1362.626 1360.977 1389.7 1402.098 1415.904 1402.353 1383.098 1367.903 1359.836 1344.294 1330.544 1317.726
1205.949 1198.212 1192.037 1213.112 1229.824 1225.609 1184.944 1141.7 1173.032 1187.843 1188.16 1175.586 1190.638 1205.437 1217.851 1225.673 1243.051 1259.315 1265.977 1264.432 1254.154 1278.503 1317.397 1304.452 1277.814 1250.558 1251.44 1259.863 1274.843 1279.694 1290.709 1294.637 1272.756 1265.175 1257.154 1250.64 1275.606 1268.372 1259.702 1267.995 1283.339 1298.485 1314.792 1318.717 1329.144 1338.979 1356.72 1356.436 1357.652 1355.0 1344.083 1350.728 1360.602 1376.621 1404.464 1415.243 1408.122 1384.959 1363.117 1348.291 1335.032 1326.221 1316.514 1311.576
1219.473 1192.326 1197.794 1219.837 1230.614 1240.055 1203.001 1151.909 1186.895 1201.396 1195.589 1188.562 1198.759 1221.398 1245.327 1249.839 1255.475 1271.749 1276.852 1259.549 1264.361 1302.047 1339.929 1317.787 1271.873 1291.49 1278.227 1288.11 1290.281 1298.849 1302.302 1300.645 1266.376 1255.201 1248.936 1262.393 1288.181 1284.569 1269.311 1262.789 1273.947 1289.519 1290.621 1297.253 1310.996 1315.65 1326.324 1332.78 1340.904 1358.816 1367.091 1364.242 1374.601 1382.004 1398.857 1397.886 1391.724 1387.621 1374.984 1351.331 1333.705 1314.464 1276.959 1250.25
1227.349 1208.306 1192.157 1207.677 1226.411 1226.671 1186.538 1155.256 1174.623 1199.667 1204.906 1204.117 1214.851 1252.841 1299.646 1276.316 1278.919 1300.962 1288.774 1265.777 1285.444 1341.973 1350.109 1317.927 1278.035 1294.645 1308.633 1296.76 1303.355 1312.57 1311.352 1292.97 1273.337 1250.279 1263.074 1281.07 1288.104 1289.999 1282.077 1282.149 1284.58 1285.458 1311.286 1316.862 1311.928 1319.005 1339.574 1343.483 1370.297 1378.218 1391.269 1396.231 1408.751 1402.916 1403.109 1393.019 1375.628 1359.608 1368.309 1341.988 1304.846 1273.604 1234.632 1207.145
1217.862 1206.582 1198.415 1211.637 1219.34 1215.843 1192.245 1153.491 1168.879 1200.154 1216.673 1211.461 1234.104 1280.126 1322.92 1329.803 1327.515 1308.101 1278.686 1273.309 1294.296 1326.02 1339.048 1324.109 1300.653 1289.769 1302.352 1307.3 1311.287 1319.521 1311.136 1289.446 1266.047 1254.685 1273.584 1304.55 1319.351 1316.496 1316.448 1312.747 1328.434 1325.582 1341.935 1347.901 1336.724 1355.515 1369.889 1377.086 1389.128 1400.651 1404.295 1410.97 1410.248 1402.258 1392.89 1381.992 1361.568 1348.766 1352.132 1333.254 1293.835 1244.349 1178.11 1145.009
1206.353 1200.144 1200.681 1210.529 1222.919 1234.421 1200.89 1153.799 1177.783 1213.6 1223.422 1224.298 1251.497 1281.709 1311.181 1320.318 1304.216 1287.632 1276.412 1279.803 1291.831 1322.098 1337.869 1317.353 1292.856 1287.186 1312.554 1322.652 1330.743 1321.663 1303.35 1283.297 1275.358 1275.184 1302.417 1324.277 1320.417 1346.263 1343.9 1344.358 1344.844 1342.13 1355.539 1366.894 1334.549 1370.335 1384.331 1400.006 1407.704 1402.597 1401.784 1400.556 1396.382 1396.292 1379.438 1368.003 1340.059 1331.212 1336.868 1343.646 1324.987 1284.005 1189.2 1109.091
1211.884 1202.495 1208.257 1218.294 1227.304 1245.708 1200.956 1166.86 1168.239 1196.324 1242.622 1244.738 1258.976 1271.965 1292.61 1312.039 1297.142 1285.382 1281.444 1291.37 1319.127 1356.044 1337.726 1315.389 1294.887 1300.095 1319.882 1337.071 1344.417 1325.61 1315.835 1297.612 1279.467 1290.153 1286.659 1294.669 1330.913 1352.851 1356.205 1358.92 1362.408 1356.113 1368.092 1379.597 1346.756 1382.92 1402.903 1414.274 1406.947 1396.179 1396.058 1390.523 1378.614 1379.951 1361.414 1342.315 1304.184 1287.206 1297.904 1307.338 1305.749 1291.656 1251.731 1190.296
1219.52 1207.413 1206.513 1214.554 1226.197 1213.267 1192.083 1169.594 1189.589 1208.468 1251.281 1264.778 1279.904 1290.598 1301.743 1304.446 1290.784 1283.38 1295.665 1315.523 1352.096 1356.877 1337.344 1319.645 1306.538 1325.836 1340.343 1347.857 1341.739 1332.664 1314.497 1296.936 1277.94 1285.828 1300.715 1296.701 1334.023 1355.124 1369.37 1388.617 1394.279 1372.286 1392.737 1379.997 1367.373 1391.85 1403.39 1414.238 1397.282 1388.93 1392.009 1381.292 1364.702 1363.201 1350.914 1315.949 1283.36 1284.107 1266.701 1257.121 1244.132 1237.191 1183.98 1142.369
1226.852 1208.586 1210.356 1220.007 1222.523 1221.046 1190.741 1181.921 1222.123 1245.802 1255.655 1280.027 1297.189 1320.409 1302.263 1306.083 1308.892 1312.615 1329.341 1345.978 1376.886 1376.53 1380.302 1347.822 1346.07 1338.369 1354.836 1359.011 1351.211 1336.555 1331.527 1315.099 1301.981 1297.538 1303.865 1312.732 1327.041 1342.129 1356.823 1374.379 1406.276 1406.585 1410.228 1380.56 1394.859 1412.681 1415.407 1405.597 1385.582 1379.936 1373.004 1360.782 1343.43 1320.413 1323.622 1297.817 1278.854 1244.558 1195.968 1166.504 1154.12 1160.124 1147.816 1116.267
1219.099 1209.137 1215.597 1223.996 1233.247 1237.477 1198.651 1184.144 1218.661 1235.978 1263.558 1306.295 1321.006 1327.522 1311.089 1360.547 1346.152 1347.26 1375.056 1394.271 1397.543 1391.884 1378.733 1360.075 1365.709 1345.104 1360.469 1372.598 1368.463 1346.756 1327.868 1312.968 1304.428 1313.72 1320.052 1335.769 1355.795 1370.369 1390.864 1406.045 1427.711 1440.501 1427.209 1395.881 1415.572 1424.259 1415.437 1398.811 1380.223 1371.79 1366.343 1344.857 1337.493 1331.509 1286.614 1295.614 1226.086 1140.895 1118.281 1081.003 1089.047 1135.29 1107.251 1079.568
1229.579 1212.47 1225.514 1236.276 1243.041 1223.85 1181.166 1208.896 1235.476 1248.651 1272.436 1300.959 1319.87 1314.863 1322.191 1365.421 1355.833 1366.851 1404.053 1409.172 1404.494 1396.331 1386.968 1381.048 1352.335 1368.249 1375.287 1363.371 1351.968 1344.471 1337.983 1316.068 1318.022 1331.594 1352.277 1366.337 1368.842 1379.155 1394.924 1404.598 1440.916 1439.727 1421.961 1424.463 1429.779 1418.002 1404.825 1390.852 1373.431 1362.047 1345.441 1317.0 1287.21 1284.728 1233.243 1200.735 1148.208 1094.001 1091.094 1080.62 1111.219 1135.785 1106.371 1069.76
1234.599 1214.568 1227.431 1249.888 1237.262 1214.572 1183.025 1212.382 1214.813 1219.69 1249.954 1305.36 1331.66 1318.902 1342.829 1368.002 1376.693 1385.164 1407.486 1411.66 1405.916 1405.566 1396.603 1387.237 1364.625 1372.509 1379.357 1371.59 1357.349 1342.498 1332.691 1318.912 1331.456 1340.931 1352.59 1364.773 1376.264 1392.92 1401.391 1407.052 1431.511 1429.937 1416.879 1423.929 1422.471 1409.325 1390.404 1376.593 1361.463 1338.168 1320.923 1273.098 1241.337 1219.548 1211.003 1222.944 1185.065 1128.548 1107.171 1050.645 1083.68 1092.762 1082.127 1051.153
1234.936 1235.593 1244.885 1249.526 1228.97 1209.548 1193.764 1193.211 1197.631 1209.568 1232.824 1296.734 1330.228 1331.088 1334.583 1363.674 1398.493 1415.036 1429.939 1421.362 1415.766 1409.967 1406.16 1392.146 1386.612 1390.497 1383.49 1362.642 1348.648 1336.736 1334.641 1322.573 1329.508 1349.375 1365.362 1387.047 1404.516 1408.674 1413.0 1429.093 1442.764 1442.814 1433.176 1431.06 1423.978 1414.229 1397.884 1379.751 1374.035 1370.864 1353.254 1323.967 1272.248 1293.039 1269.266 1223.711 1152.56 1096.349 1062.113 1043.895 1039.439 1051.967 1057.534 1048.169
1292.727 1280.359 1280.24 1286.681 1275.87 1231.903 1199.853 1214.035 1243.889 1266.97 1226.557 1292.244 1330.841 1338.052 1368.851 1380.984 1404.337 1433.015 1442.256 1429.884 1422.931 1421.292 1411.52 1395.28 1397.905 1403.488 1379.464 1364.819 1347.441 1333.101 1327.408 1331.849 1334.909 1348.293 1365.516 1371.689 1375.703 1395.71 1422.113 1425.84 1439.222 1439.275 1426.777 1422.797 1416.598 1405.319 1393.428 1381.223 1372.922 1361.597 1352.388 1338.653 1306.494 1288.506 1253.138 1161.747 1099.403 1076.514 1056.899 1041.015 1024.588 1046.482 1054.834 1043.203
1313.929 1321.293 1306.992 1284.255 1254.523 1224.045 1213.066 1232.602 1262.218 1290.377 1243.186 1289.033 1346.449 1365.194 1386.928 1401.102 1424.878 1446.889 1455.983 1440.386 1434.061 1431.315 1409.997 1410.052 1414.273 1405.456 1383.22 1367.469 1348.27 1337.017 1327.519 1337.033 1344.587 1345.506 1351.534 1371.932 1381.274 1391.107 1417.012 1432.004 1448.205 1438.195 1423.97 1417.403 1406.442 1396.752 1376.95 1369.191 1357.756 1343.101 1334.201 1323.286 1310.712 1283.134 1249.786 1197.3 1168.321 1114.072 1080.895 1054.189 1022.917 1027.77 1033.526 1017.111
1302.388 1313.184 1297.032 1268.538 1241.412 1246.762 1269.276 1286.983 1316.195 1344.667 1266.315 1324.402 1348.005 1345.549 1370.715 1389.631 1405.949 1423.961 1435.123 1438.394 1441.51 1435.061 1433.935 1437.202 1415.118 1396.571 1370.449 1363.872 1343.954 1339.515 1332.455 1348.426 1361.953 1366.011 1377.461 1379.481 1391.217 1407.253 1420.521 1435.352 1437.623 1424.434 1414.122 1407.309 1390.275 1381.065 1368.638 1359.537 1351.258 1356.973 1349.511 1325.37 1309.549 1321.781 1304.37 1280.379 1233.523 1163.122 1099.341 1066.31 1030.987 1005.753 1006.723 984.861
