lector_archivos/matrices/zona_oeste_sierra_header.txt
NCOLS 450 
NROWS 450
XLLCENTER 344200
YLLCENTER 4519600
CELLSIZE 200
NODATA_VALUE -999
[rows 112 to 139 of 450, columns 128 to 191 of 450]
916.007 915.482 908.228 905.54 904.846 905.878 907.073 907.702 909.562 917.146 927.944 928.259 923.729 918.868 918.604 916.456 916.881 912.023 906.447 904.532 903.235 900.598 900.487 900.806 901.0 898.349 898.011 897.96 898.589 898.488 901.457 901.918 902.199 902.641 899.263 892.319 888.987 887.408 888.099 886.248 886.17 885.472 884.34 884.745 883.951 883.298 883.2 882.314 881.518 883.522 884.131 869.177 885.396 893.339 902.112 897.035 899.026 902.533 902.585 901.014 905.583 906.602 906.808 906.849
913.575 909.287 906.648 905.857 904.687 905.68 906.257 907.065 907.838 910.148 918.06 927.81 927.47 922.51 919.483 918.767 915.751 917.934 913.412 908.663 905.333 904.216 900.853 900.948 901.339 901.271 900.163 898.327 898.422 899.303 899.071 901.736 902.191 902.927 903.167 901.324 893.478 889.805 889.819 888.387 886.869 885.934 885.202 885.427 885.321 884.457 883.536 881.046 881.909 882.257 885.391 865.985 889.465 892.645 900.857 901.573 899.365 899.005 902.117 904.01 907.402 904.347 906.523 906.242
910.119 908.188 907.189 906.378 905.486 906.22 907.144 907.562 908.618 909.722 911.642 919.426 930.159 925.494 921.794 920.017 917.831 918.213 918.727 917.775 908.281 905.817 903.297 902.201 902.149 901.071 901.442 899.232 899.634 899.74 899.55 900.423 902.587 902.878 904.357 903.563 898.466 894.141 895.773 891.09 891.45 890.6 888.268 886.553 885.944 885.685 884.009 882.776 882.367 881.884 886.563 870.897 887.145 891.314 895.781 903.059 907.53 902.464 900.878 901.527 904.694 906.041 905.906 904.478
908.529 907.513 907.375 906.356 907.012 907.224 907.972 908.73 909.283 910.082 911.025 914.475 930.155 926.746 925.187 922.463 919.659 918.717 919.145 919.919 912.574 908.087 905.494 903.643 902.986 902.769 902.19 902.156 900.875 901.049 900.643 899.782 901.244 903.134 903.625 904.457 904.031 898.611 894.697 893.369 895.068 894.422 892.824 891.467 887.62 886.806 884.687 883.381 882.404 882.537 886.148 866.229 877.655 884.077 891.256 894.081 899.993 907.77 906.603 902.043 903.017 903.475 904.183 904.609
909.233 911.03 909.423 909.411 911.142 910.18 910.166 913.128 911.531 910.65 911.548 912.452 919.313 927.328 927.284 925.386 923.398 920.512 919.831 920.348 912.938 910.611 906.166 905.195 904.013 903.612 903.387 903.024 903.313 901.376 901.559 900.424 900.288 903.726 904.043 904.417 904.321 902.122 897.589 894.965 901.469 896.754 896.702 893.295 888.988 886.918 884.884 883.735 883.657 883.013 883.015 884.898 868.772 886.685 889.954 893.715 895.554 899.055 904.961 907.011 903.416 902.703 903.97 904.153
912.433 913.707 913.421 913.597 914.697 916.318 915.06 921.63 914.056 912.918 912.861 913.29 915.475 925.48 926.733 926.949 926.783 922.367 920.387 920.185 918.746 914.945 909.985 907.609 905.295 904.56 904.09 903.706 903.303 903.161 901.606 900.732 900.667 900.642 903.348 904.611 904.251 904.32 901.575 896.92 898.933 901.249 897.312 893.04 890.66 889.571 885.904 884.153 883.79 883.332 883.751 887.604 869.45 885.449 893.076 892.15 894.527 896.326 900.027 904.334 903.767 902.775 903.772 904.77
919.656 919.826 915.915 915.591 920.584 924.278 918.252 918.309 916.416 914.916 916.086 914.603 914.619 923.113 931.862 928.833 927.281 926.09 921.168 921.068 921.486 916.491 912.376 910.069 907.56 906.438 905.296 904.463 904.147 903.921 903.214 901.629 900.892 900.969 901.323 904.481 905.086 905.258 900.954 898.491 898.463 900.891 896.689 900.906 896.67 894.228 888.795 885.436 884.208 884.428 884.155 877.454 867.631 895.067 895.521 893.801 894.232 895.83 897.375 900.171 902.412 903.749 905.434 906.082
919.223 920.736 920.992 919.319 922.239 921.191 918.765 918.373 922.769 918.125 916.681 915.415 915.669 918.146 932.424 929.218 929.482 928.483 924.109 921.644 921.956 917.017 913.597 910.918 909.034 908.218 906.345 905.191 905.092 904.471 903.415 903.558 901.746 901.898 901.923 906.494 905.559 905.751 902.048 899.219 899.181 902.492 899.39 902.654 903.38 900.486 893.114 887.739 885.177 884.684 884.716 883.057 869.28 890.291 900.063 894.9 894.703 895.639 897.054 899.647 901.664 902.995 904.478 906.817
921.297 921.615 922.805 922.138 923.99 921.627 920.597 922.702 928.089 921.652 919.807 917.922 916.502 917.794 930.882 934.947 930.883 929.42 928.842 923.002 922.356 917.926 915.058 913.518 910.977 908.915 908.811 906.43 905.487 905.446 905.018 905.417 903.423 902.39 902.245 906.162 906.302 905.467 905.088 901.515 900.581 905.062 902.876 901.286 905.82 904.518 896.829 889.811 886.952 885.534 885.037 886.077 880.027 866.705 899.493 896.809 895.173 896.605 897.376 899.283 902.633 903.848 905.994 907.717
925.401 925.525 925.008 924.663 925.339 924.291 924.46 924.387 928.982 926.619 924.423 919.378 918.068 919.623 924.776 937.432 931.016 930.772 930.349 927.929 923.293 921.228 920.564 913.945 911.436 909.803 909.111 908.137 906.705 906.449 906.035 905.826 905.392 904.305 902.555 903.364 907.395 906.358 906.118 904.986 903.588 905.614 904.656 904.299 903.416 904.666 897.059 892.608 887.641 886.828 870.237 890.687 883.047 868.392 893.376 896.977 896.587 898.012 898.969 899.811 901.604 905.053 906.468 908.259
923.206 929.676 928.4 927.425 927.82 930.929 931.899 929.288 929.984 927.738 923.557 920.03 919.013 923.226 928.113 939.545 936.778 932.901 932.812 932.515 925.864 923.746 923.145 916.661 914.21 910.383 909.79 910.015 908.202 907.022 906.19 906.792 905.354 905.363 904.211 904.585 905.16 906.42 906.455 906.426 905.108 904.375 906.147 904.695 903.486 908.47 901.022 896.19 890.751 885.915 871.769 871.961 871.092 873.497 892.872 895.093 896.844 898.605 901.773 902.182 902.113 904.054 905.425 907.493
922.328 924.613 929.64 931.344 930.39 935.135 939.964 934.714 930.569 926.225 923.378 921.386 921.434 930.462 946.897 939.824 942.401 938.612 934.577 931.994 928.648 924.747 924.519 926.779 917.719 911.291 910.523 910.403 908.827 908.561 908.219 906.815 907.056 905.516 905.482 904.295 905.588 908.113 906.934 906.009 907.388 905.599 907.665 905.386 904.271 907.421 904.217 898.411 891.722 880.32 872.389 872.436 872.766 885.965 893.594 895.741 895.06 898.48 901.943 901.188 902.488 904.67 906.446 907.917
922.955 924.194 927.046 932.262 935.086 934.069 938.812 940.497 933.068 926.19 924.676 923.021 922.049 931.263 956.3 946.78 944.55 942.49 938.847 932.726 929.499 929.756 926.552 926.63 920.899 913.538 911.984 910.694 910.274 908.711 908.921 908.206 907.304 906.989 906.591 907.688 905.637 908.794 907.364 907.329 906.834 906.936 908.249 905.766 905.625 906.958 904.774 900.875 894.058 876.224 873.747 873.34 876.001 886.489 892.41 894.206 894.657 896.522 902.446 900.63 903.592 904.287 906.019 908.669
926.135 926.294 927.645 930.241 934.888 938.628 941.157 941.971 936.679 928.307 927.11 924.153 923.038 930.669 938.845 956.549 944.658 944.754 940.518 937.78 934.952 930.104 926.309 926.682 923.958 917.828 914.005 912.13 911.22 910.308 909.875 909.418 908.07 907.873 907.605 908.264 906.647 908.505 909.154 907.583 907.712 908.509 908.004 905.793 907.572 907.098 902.702 897.248 892.201 882.749 873.88 873.95 874.113 876.235 888.281 886.803 890.622 892.967 895.677 898.117 901.337 904.271 905.928 907.632
930.303 932.414 932.105 934.765 938.056 941.702 941.889 940.178 935.107 930.757 927.542 925.292 924.975 929.232 942.961 954.796 953.172 950.095 942.876 940.069 935.78 929.19 928.637 927.063 923.32 918.156 915.242 913.121 911.923 911.459 911.217 910.278 908.863 908.364 908.457 908.66 908.293 907.596 909.528 908.185 908.078 908.338 908.756 906.873 905.873 907.392 903.586 903.079 895.394 888.884 874.737 874.926 875.025 881.664 888.786 890.681 891.166 894.337 896.441 898.554 899.779 902.456 905.86 908.243
933.903 936.682 938.512 942.271 945.746 944.966 942.992 942.531 942.278 933.996 928.129 925.271 926.36 929.729 935.061 949.4 957.711 947.106 949.092 946.821 939.161 934.972 931.575 927.14 924.106 922.441 918.951 915.23 913.145 912.268 911.808 911.265 909.751 909.163 908.824 908.991 908.928 908.734 910.131 910.392 908.5 908.771 909.242 909.525 906.123 907.686 903.492 898.602 895.113 886.004 874.859 876.203 878.688 883.958 881.451 886.301 892.126 894.327 897.309 899.437 902.165 903.101 905.156 908.165
940.298 940.711 942.182 949.376 950.403 948.236 943.174 939.913 938.108 930.893 928.876 926.427 929.511 935.611 937.802 939.607 954.097 960.336 953.906 948.019 939.411 936.446 933.514 928.646 928.458 927.664 920.701 916.375 914.101 912.796 912.418 912.571 911.174 909.778 909.591 909.578 909.635 909.569 909.028 910.731 910.325 908.823 909.345 909.949 909.329 909.166 905.014 898.068 895.418 887.399 875.491 876.189 878.847 887.503 888.622 889.064 890.981 890.846 889.813 892.935 898.431 901.434 904.364 906.971
943.73 945.391 947.442 949.556 951.166 952.569 947.128 936.733 932.768 930.574 928.826 926.895 931.272 942.488 951.031 948.362 958.994 960.679 958.701 940.06 945.041 943.984 938.316 930.631 929.725 925.277 925.087 916.708 914.164 913.474 914.043 913.173 912.031 910.929 910.302 909.715 910.082 910.111 909.893 911.231 910.772 909.102 909.237 909.989 909.844 908.335 903.574 897.975 896.17 894.252 875.719 876.122 882.685 888.391 890.519 891.49 884.145 894.421 900.927 896.737 892.016 897.262 902.513 905.74
943.494 945.177 948.42 950.127 951.659 953.512 945.782 937.313 933.418 931.162 930.634 928.465 932.958 938.927 948.83 955.087 955.693 960.64 947.354 955.695 952.563 950.768 941.687 936.768 930.046 929.186 931.299 922.246 916.258 915.668 914.68 913.593 913.004 911.707 910.788 910.139 910.247 910.138 910.499 911.399 910.966 909.197 909.32 909.543 909.927 910.37 901.811 897.518 896.868 894.131 879.707 879.431 876.518 884.009 895.741 892.623 892.93 888.387 894.684 895.103 896.223 895.776 902.46 906.61
945.203 947.334 948.034 950.079 951.676 953.837 949.323 940.626 936.773 933.762 930.809 929.275 933.926 939.819 955.647 963.992 956.273 955.039 958.009 962.751 953.781 944.232 938.203 939.437 933.64 931.111 930.505 931.691 919.549 917.98 916.154 915.077 913.762 912.575 911.897 911.058 910.824 910.775 911.006 911.252 911.845 910.082 909.321 909.764 909.393 908.275 901.773 898.488 895.597 892.392 891.97 887.418 882.735 880.653 895.779 898.648 895.708 892.982 892.153 899.872 896.761 895.547 899.142 904.608
949.027 949.994 951.08 951.731 952.33 946.96 943.345 940.398 936.279 934.43 932.08 931.003 936.674 944.302 951.607 956.233 958.079 957.022 962.993 964.042 948.351 950.834 946.924 944.521 936.54 932.324 929.108 925.342 928.323 922.184 918.756 916.212 914.769 913.912 913.48 912.333 911.573 911.448 911.479 911.627 911.739 911.105 908.349 909.87 909.166 911.026 903.132 897.239 893.216 890.468 886.694 877.068 878.782 885.027 898.774 900.37 898.386 896.611 894.764 899.121 900.774 898.524 898.425 903.232
950.722 952.576 953.262 953.065 952.38 951.804 948.236 944.429 940.29 934.495 931.8 933.009 938.466 951.266 955.651 964.945 963.497 959.823 959.863 955.702 963.769 964.149 951.723 939.865 941.788 935.215 932.787 931.585 931.738 922.794 921.701 916.994 916.144 915.102 914.181 913.321 912.51 912.296 911.62 912.141 912.262 911.457 909.36 911.363 910.464 910.843 906.88 898.422 894.414 890.765 884.822 878.311 879.288 892.979 902.52 904.304 904.392 900.234 898.451 906.102 902.367 902.682 899.961 903.518
953.154 954.664 955.261 956.124 955.4 955.765 951.891 946.498 942.265 936.812 932.4 932.621 939.96 947.698 952.869 965.069 970.725 963.492 960.057 963.304 964.377 950.07 948.905 949.061 946.769 939.029 935.257 931.509 927.329 931.893 933.082 920.551 918.665 916.519 915.201 914.506 913.133 912.995 912.656 912.379 912.38 912.356 910.117 911.462 911.079 911.783 903.505 896.154 894.142 889.24 881.107 879.191 879.455 888.344 902.075 904.334 903.32 902.009 900.102 902.299 902.871 904.724 903.541 902.332
955.936 957.331 956.989 957.907 958.229 957.271 953.097 944.269 938.476 935.543 934.056 932.859 940.663 949.804 969.151 969.47 972.005 969.059 964.566 959.897 957.399 966.385 965.327 954.946 944.402 938.66 935.486 933.46 931.016 932.97 931.354 922.578 919.373 917.937 915.771 915.409 913.711 913.576 913.266 913.007 912.947 912.736 911.705 911.15 911.765 911.286 905.104 898.847 891.951 891.055 883.496 882.422 880.517 874.776 905.404 907.444 905.122 903.659 901.457 903.367 906.551 907.179 905.392 903.898
955.712 957.461 958.919 959.413 957.97 950.87 944.521 940.66 936.72 934.63 933.356 933.109 938.877 956.395 966.742 973.787 978.205 972.819 968.073 960.633 958.136 966.907 963.393 946.114 943.324 945.014 938.246 936.586 933.604 933.34 930.597 926.433 924.709 919.668 918.009 916.826 915.031 914.264 913.713 913.407 913.873 913.515 912.66 912.604 911.926 912.238 904.195 896.302 891.829 891.269 884.288 880.97 882.265 879.037 907.011 907.198 906.963 905.111 905.394 904.158 912.434 908.766 907.896 906.947
956.572 957.827 959.763 962.291 961.474 952.079 944.116 939.526 936.746 935.124 934.774 934.167 937.385 949.864 959.45 974.987 974.463 974.543 974.947 968.402 957.1 951.536 950.949 964.344 952.532 948.178 942.249 938.326 934.699 932.52 933.898 932.716 925.254 925.419 921.267 918.382 915.862 915.126 914.165 914.04 914.31 913.812 913.855 913.067 912.562 908.089 897.246 893.505 892.059 888.481 883.185 882.726 882.036 878.59 905.153 906.004 907.289 908.245 906.383 911.377 909.817 912.301 912.078 908.232
957.692 957.863 956.5 954.953 954.207 946.522 941.564 938.659 936.955 938.457 936.749 935.41 937.902 944.724 949.672 955.891 972.199 979.045 982.512 975.109 960.782 955.821 967.482 969.601 954.318 945.676 944.849 939.672 937.584 936.305 935.209 935.0 927.238 925.369 922.766 918.702 916.405 916.786 914.628 914.65 914.681 914.03 914.579 913.854 912.242 904.721 897.147 893.207 885.693 885.393 884.046 883.082 882.179 880.418 898.338 906.374 908.417 910.637 906.753 910.231 914.254 915.142 912.79 912.721
947.021 947.572 946.646 945.621 943.269 941.063 939.504 938.126 938.251 940.063 938.136 936.663 938.036 942.445 947.105 953.137 975.68 983.59 986.187 971.815 966.96 962.412 958.812 957.051 952.995 958.974 949.854 944.261 940.326 936.004 935.165 932.032 932.824 930.656 925.02 920.107 916.739 917.418 916.278 915.488 915.711 917.77 916.365 913.649 912.885 897.335 886.859 887.584 887.02 885.703 888.551 889.681 883.404 877.181 904.398 904.175 909.371 909.843 908.648 909.065 912.545 918.001 915.511 913.762
